       -74.0782623291015625 4.6510548591613770
       -74.0782165527343750 4.6512036323547363
       -74.0781860351562500 4.6513304710388184
       -74.0781784057617188 4.6514558792114258
       -74.0781784057617188 4.6514558792114258
       -74.0781784057617188 4.6514558792114258
       -74.0781555175781250 4.6517424583435059
       -74.0781402587890625 4.6518387794494629
       -74.0781402587890625 4.6518387794494629
       -74.0781402587890625 4.6518387794494629
       -74.0781402587890625 4.6518387794494629
       -74.0781402587890625 4.6518387794494629
       -74.0781402587890625 4.6518387794494629
       -74.0781402587890625 4.6518387794494629
       -74.0781402587890625 4.6518387794494629
       -74.0781402587890625 4.6518387794494629
       -74.0781402587890625 4.6518387794494629
       -74.0781402587890625 4.6518387794494629
       -74.0781402587890625 4.6518387794494629
       -74.0781402587890625 4.6518387794494629
       -74.0781402587890625 4.6518387794494629
       -74.0781402587890625 4.6518387794494629
       -74.0781402587890625 4.6518387794494629
       -74.0781402587890625 4.6518387794494629
       -74.0781402587890625 4.6518387794494629
       -74.0781402587890625 4.6518387794494629
       -74.0781402587890625 4.6518387794494629
       -74.0781402587890625 4.6518387794494629
       -74.0781402587890625 4.6518387794494629
       -74.0781402587890625 4.6518387794494629
       -74.0781402587890625 4.6518387794494629
       -74.0781402587890625 4.6518387794494629
       -74.0781402587890625 4.6518387794494629
       -74.0781402587890625 4.6518387794494629
       -74.0781402587890625 4.6518387794494629
       -74.0781402587890625 4.6518387794494629
       -74.0785064697265625 4.6518673896789551
       -74.0786972045898438 4.6519007682800293
       -74.0788040161132812 4.6519322395324707
       -74.0788497924804688 4.6519589424133301
       -74.0788497924804688 4.6519589424133301
       -74.0788497924804688 4.6519589424133301
       -74.0788497924804688 4.6519589424133301
       -74.0788497924804688 4.6519589424133301
       -74.0788497924804688 4.6519589424133301
       -74.0790481567382812 4.6521253585815430
       -74.0791778564453125 4.6522216796875000
       -74.0792694091796875 4.6522841453552246
       -74.0793457031250000 4.6523275375366211
       -74.0794143676757812 4.6523590087890625
       -74.0795440673828125 4.6524004936218262
       -74.0797119140625000 4.6524171829223633
       -74.0798187255859375 4.6524338722229004
       -74.0799789428710938 4.6524529457092285
       -74.0799789428710938 4.6524529457092285
       -74.0799789428710938 4.6524529457092285
       -74.0799789428710938 4.6524529457092285
       -74.0799789428710938 4.6524529457092285
       -74.0799789428710938 4.6524529457092285
       -74.0803833007812500 4.6524853706359863
       -74.0804901123046875 4.6524939537048340
       -74.0806045532226562 4.6525015830993652
       -74.0807495117187500 4.6525335311889648
       -74.0807495117187500 4.6525335311889648
       -74.0807495117187500 4.6525335311889648
       -74.0807495117187500 4.6525335311889648
       -74.0807495117187500 4.6525335311889648
       -74.0807495117187500 4.6525335311889648
       -74.0807495117187500 4.6525335311889648
       -74.0807495117187500 4.6525335311889648
       -74.0807495117187500 4.6525335311889648
       -74.0811538696289062 4.6526913642883301
       -74.0813140869140625 4.6527175903320312
       -74.0814132690429688 4.6527400016784668
       -74.0814132690429688 4.6527400016784668
       -74.0814132690429688 4.6527400016784668
       -74.0814132690429688 4.6527400016784668
       -74.0814132690429688 4.6527400016784668
       -74.0814132690429688 4.6527400016784668
       -74.0814132690429688 4.6527400016784668
       -74.0814132690429688 4.6527400016784668
       -74.0814132690429688 4.6527400016784668
       -74.0814132690429688 4.6527400016784668
       -74.0814132690429688 4.6527400016784668
       -74.0814132690429688 4.6527400016784668
       -74.0814132690429688 4.6527400016784668
       -74.0817565917968750 4.6528153419494629
       -74.0819473266601562 4.6528601646423340
       -74.0820617675781250 4.6528930664062500
       -74.0821609497070312 4.6529211997985840
       -74.0822296142578125 4.6529426574707031
       -74.0823593139648438 4.6529898643493652
       -74.0823593139648438 4.6529898643493652
       -74.0823593139648438 4.6529898643493652
       -74.0823593139648438 4.6529898643493652
       -74.0823593139648438 4.6529898643493652
       -74.0823593139648438 4.6529898643493652
       -74.0823593139648438 4.6529898643493652
       -74.0823593139648438 4.6529898643493652
       -74.0823593139648438 4.6529898643493652
       -74.0823593139648438 4.6529898643493652
       -74.0823440551757812 4.6533141136169434
       -74.0823440551757812 4.6533141136169434
       -74.0823440551757812 4.6533141136169434
       -74.0823440551757812 4.6533141136169434
       -74.0822143554687500 4.6533756256103516
       -74.0821075439453125 4.6534132957458496
       -74.0820159912109375 4.6534371376037598
       -74.0818862915039062 4.6534409523010254
       -74.0817947387695312 4.6534309387207031
       -74.0814743041992188 4.6533670425415039
       -74.0813751220703125 4.6533641815185547
       -74.0812454223632812 4.6533823013305664
       -74.0811309814453125 4.6534242630004883
       -74.0810775756835938 4.6534929275512695
       -74.0810775756835938 4.6534929275512695
       -74.0810775756835938 4.6534929275512695
       -74.0810775756835938 4.6534929275512695
       -74.0810470581054688 4.6536593437194824
       -74.0810089111328125 4.6536903381347656
       -74.0809631347656250 4.6537194252014160
       -74.0809631347656250 4.6537194252014160
       -74.0809631347656250 4.6537194252014160
       -74.0809631347656250 4.6537194252014160
       -74.0809631347656250 4.6537194252014160
       -74.0808105468750000 4.6538476943969727
       -74.0807113647460938 4.6539244651794434
       -74.0806503295898438 4.6539874076843262
       -74.0806045532226562 4.6540474891662598
       -74.0805664062500000 4.6541013717651367
       -74.0804977416992188 4.6542034149169922
       -74.0804443359375000 4.6543087959289551
       -74.0803833007812500 4.6543979644775391
       -74.0803298950195312 4.6544647216796875
       -74.0803298950195312 4.6544647216796875
       -74.0803298950195312 4.6544647216796875
       -74.0803298950195312 4.6544647216796875
       -74.0803298950195312 4.6544647216796875
       -74.0801620483398438 4.6547193527221680
       -74.0801162719726562 4.6548337936401367
       -74.0800704956054688 4.6549134254455566
       -74.0800704956054688 4.6549134254455566
       -74.0800704956054688 4.6549134254455566
       -74.0800704956054688 4.6549134254455566
       -74.0800704956054688 4.6549134254455566
       -74.0799407958984375 4.6552295684814453
       -74.0799026489257812 4.6553087234497070
       -74.0799026489257812 4.6553087234497070
       -74.0799026489257812 4.6553087234497070
       -74.0799026489257812 4.6553087234497070
       -74.0799026489257812 4.6553087234497070
       -74.0797653198242188 4.6556386947631836
       -74.0797271728515625 4.6557478904724121
       -74.0796890258789062 4.6558394432067871
       -74.0796585083007812 4.6559343338012695
       -74.0796585083007812 4.6559343338012695
       -74.0796585083007812 4.6559343338012695
       -74.0796585083007812 4.6559343338012695
       -74.0796585083007812 4.6559343338012695
       -74.0796585083007812 4.6559343338012695
       -74.0796203613281250 4.6561055183410645
       -74.0795898437500000 4.6562151908874512
       -74.0795593261718750 4.6562914848327637
       -74.0795288085937500 4.6563553810119629
       -74.0794982910156250 4.6564087867736816
       -74.0794372558593750 4.6564903259277344
       -74.0794372558593750 4.6564903259277344
       -74.0794372558593750 4.6564903259277344
       -74.0794372558593750 4.6564903259277344
       -74.0794372558593750 4.6564903259277344
       -74.0792922973632812 4.6567850112915039
       -74.0792312622070312 4.6568808555603027
       -74.0792312622070312 4.6568808555603027
       -74.0791854858398438 4.6569719314575195
       -74.0791397094726562 4.6570653915405273
       -74.0791397094726562 4.6570653915405273
       -74.0791397094726562 4.6570653915405273
       -74.0791397094726562 4.6570653915405273
       -74.0791397094726562 4.6570653915405273
       -74.0791397094726562 4.6570653915405273
       -74.0791397094726562 4.6570653915405273
       -74.0791397094726562 4.6570653915405273
       -74.0791397094726562 4.6570653915405273
       -74.0791397094726562 4.6570653915405273
       -74.0791397094726562 4.6570653915405273
       -74.0791397094726562 4.6570653915405273
       -74.0791397094726562 4.6570653915405273
       -74.0791397094726562 4.6570653915405273
       -74.0791397094726562 4.6570653915405273
       -74.0798721313476562 4.6573848724365234
       -74.0799789428710938 4.6573791503906250
       -74.0800704956054688 4.6573696136474609
       -74.0800704956054688 4.6573696136474609
       -74.0800704956054688 4.6573696136474609
       -74.0800704956054688 4.6573696136474609
       -74.0800704956054688 4.6573696136474609
       -74.0800704956054688 4.6573696136474609
       -74.0800704956054688 4.6573696136474609
       -74.0802688598632812 4.6573224067687988
       -74.0803909301757812 4.6572866439819336
       -74.0804748535156250 4.6572594642639160
       -74.0805435180664062 4.6572341918945312
       -74.0805435180664062 4.6572341918945312
       -74.0805435180664062 4.6572341918945312
       -74.0805435180664062 4.6572341918945312
       -74.0806884765625000 4.6571292877197266
       -74.0807571411132812 4.6570525169372559
       -74.0807876586914062 4.6569938659667969
       -74.0808029174804688 4.6569433212280273
       -74.0808105468750000 4.6568984985351562
       -74.0808105468750000 4.6568078994750977
       -74.0808105468750000 4.6568078994750977
       -74.0808105468750000 4.6568078994750977
       -74.0807571411132812 4.6566548347473145
       -74.0806884765625000 4.6565451622009277
       -74.0806045532226562 4.6564769744873047
       -74.0805358886718750 4.6564068794250488
       -74.0805664062500000 4.6562809944152832
       -74.0805664062500000 4.6562809944152832
       -74.0805664062500000 4.6562809944152832
       -74.0805664062500000 4.6562809944152832
       -74.0805664062500000 4.6562809944152832
       -74.0805664062500000 4.6562809944152832
       -74.0809173583984375 4.6561541557312012
       -74.0810012817382812 4.6560959815979004
       -74.0810546875000000 4.6560063362121582
       -74.0810546875000000 4.6560063362121582
       -74.0810546875000000 4.6560063362121582
       -74.0810546875000000 4.6560063362121582
       -74.0810546875000000 4.6560063362121582
       -74.0810546875000000 4.6560063362121582
       -74.0810546875000000 4.6560063362121582
       -74.0810546875000000 4.6560063362121582
       -74.0810546875000000 4.6560063362121582
       -74.0810546875000000 4.6560063362121582
       -74.0810546875000000 4.6560063362121582
       -74.0810546875000000 4.6560063362121582
       -74.0810546875000000 4.6560063362121582
       -74.0810546875000000 4.6560063362121582
       -74.0813751220703125 4.6559052467346191
       -74.0815582275390625 4.6558585166931152
       -74.0816726684570312 4.6558337211608887
       -74.0817642211914062 4.6558170318603516
       -74.0818328857421875 4.6558027267456055
       -74.0819473266601562 4.6557612419128418
       -74.0820236206054688 4.6556849479675293
       -74.0820922851562500 4.6555929183959961
       -74.0821762084960938 4.6555013656616211
       -74.0822525024414062 4.6553993225097656
       -74.0823211669921875 4.6553039550781250
       -74.0823745727539062 4.6552333831787109
       -74.0823745727539062 4.6552333831787109
       -74.0823745727539062 4.6552333831787109
       -74.0823745727539062 4.6552333831787109
       -74.0823745727539062 4.6552333831787109
       -74.0823745727539062 4.6552333831787109
       -74.0823745727539062 4.6552333831787109
       -74.0823745727539062 4.6552333831787109
       -74.0823745727539062 4.6552333831787109
       -74.0825729370117188 4.6546802520751953
       -74.0826034545898438 4.6545681953430176
       -74.0826187133789062 4.6544780731201172
       -74.0826263427734375 4.6543712615966797
       -74.0826034545898438 4.6542701721191406
       -74.0826034545898438 4.6542701721191406
       -74.0826034545898438 4.6542701721191406
       -74.0826034545898438 4.6542701721191406
       -74.0825271606445312 4.6539506912231445
       -74.0825271606445312 4.6539506912231445
       -74.0825271606445312 4.6539506912231445
       -74.0825271606445312 4.6539506912231445
       -74.0825271606445312 4.6539506912231445
       -74.0825271606445312 4.6539506912231445
       -74.0825271606445312 4.6539506912231445
       -74.0825271606445312 4.6539506912231445
       -74.0825271606445312 4.6539506912231445
       -74.0825271606445312 4.6539506912231445
       -74.0825271606445312 4.6539506912231445
       -74.0825271606445312 4.6539506912231445
       -74.0825271606445312 4.6539506912231445
       -74.0825271606445312 4.6539506912231445
       -74.0825271606445312 4.6539506912231445
       -74.0825271606445312 4.6539506912231445
       -74.0821838378906250 4.6537132263183594
       -74.0819854736328125 4.6535887718200684
       -74.0818557739257812 4.6535191535949707
       -74.0817565917968750 4.6534767150878906
       -74.0816574096679688 4.6534438133239746
       -74.0814971923828125 4.6533913612365723
       -74.0813751220703125 4.6533679962158203
       -74.0812606811523438 4.6533703804016113
       -74.0811691284179688 4.6533970832824707
       -74.0811691284179688 4.6533970832824707
       -74.0811691284179688 4.6533970832824707
       -74.0811691284179688 4.6533970832824707
       -74.0811691284179688 4.6533970832824707
       -74.0810317993164062 4.6536941528320312
       -74.0809631347656250 4.6537623405456543
       -74.0809631347656250 4.6537623405456543
       -74.0809631347656250 4.6537623405456543
       -74.0809631347656250 4.6537623405456543
       -74.0809631347656250 4.6537623405456543
       -74.0809631347656250 4.6537623405456543
       -74.0809631347656250 4.6537623405456543
       -74.0809631347656250 4.6537623405456543
       -74.0809631347656250 4.6537623405456543
       -74.0809631347656250 4.6537623405456543
       -74.0809631347656250 4.6537623405456543
       -74.0809631347656250 4.6537623405456543
       -74.0805053710937500 4.6542458534240723
       -74.0804290771484375 4.6543283462524414
       -74.0803680419921875 4.6543979644775391
       -74.0802917480468750 4.6544713973999023
       -74.0802307128906250 4.6545596122741699
       -74.0801696777343750 4.6546669006347656
       -74.0801239013671875 4.6547665596008301
       -74.0800781250000000 4.6548480987548828
       -74.0800781250000000 4.6548480987548828
       -74.0800781250000000 4.6548480987548828
       -74.0800781250000000 4.6548480987548828
       -74.0800781250000000 4.6548480987548828
       -74.0800018310546875 4.6549963951110840
       -74.0799560546875000 4.6550965309143066
       -74.0799179077148438 4.6551737785339355
       -74.0798873901367188 4.6552429199218750
       -74.0798568725585938 4.6553092002868652
       -74.0798110961914062 4.6554355621337891
       -74.0797653198242188 4.6555595397949219
       -74.0797424316406250 4.6556773185729980
       -74.0797119140625000 4.6557970046997070
       -74.0796890258789062 4.6559009552001953
       -74.0796890258789062 4.6559009552001953
       -74.0796890258789062 4.6559009552001953
       -74.0796890258789062 4.6559009552001953
       -74.0796890258789062 4.6559009552001953
       -74.0796890258789062 4.6559009552001953
       -74.0796890258789062 4.6559009552001953
       -74.0796890258789062 4.6559009552001953
       -74.0795288085937500 4.6563324928283691
       -74.0794677734375000 4.6564311981201172
       -74.0794677734375000 4.6564311981201172
       -74.0794677734375000 4.6564311981201172
       -74.0794677734375000 4.6564311981201172
       -74.0794677734375000 4.6564311981201172
       -74.0794677734375000 4.6564311981201172
       -74.0792465209960938 4.6568531990051270
       -74.0791702270507812 4.6569666862487793
       -74.0791168212890625 4.6570744514465332
       -74.0791168212890625 4.6570744514465332
       -74.0791168212890625 4.6570744514465332
       -74.0791168212890625 4.6570744514465332
       -74.0791168212890625 4.6570744514465332
       -74.0791168212890625 4.6570744514465332
       -74.0791168212890625 4.6570744514465332
       -74.0793151855468750 4.6572351455688477
       -74.0794525146484375 4.6573204994201660
       -74.0795440673828125 4.6573629379272461
       -74.0796203613281250 4.6573820114135742
       -74.0796890258789062 4.6573891639709473
       -74.0797958374023438 4.6573958396911621
       -74.0799255371093750 4.6573882102966309
       -74.0800399780273438 4.6573715209960938
       -74.0801544189453125 4.6573529243469238
       -74.0801544189453125 4.6573529243469238
       -74.0801544189453125 4.6573529243469238
       -74.0801544189453125 4.6573529243469238
       -74.0801544189453125 4.6573529243469238
       -74.0801544189453125 4.6573529243469238
       -74.0801544189453125 4.6573529243469238
       -74.0801544189453125 4.6573529243469238
       -74.0806655883789062 4.6571855545043945
       -74.0807800292968750 4.6571359634399414
       -74.0807800292968750 4.6571359634399414
       -74.0807800292968750 4.6571359634399414
       -74.0807800292968750 4.6571359634399414
       -74.0807800292968750 4.6571359634399414
       -74.0807800292968750 4.6571359634399414
       -74.0807800292968750 4.6571359634399414
       -74.0807800292968750 4.6571359634399414
       -74.0808258056640625 4.6566977500915527
       -74.0807876586914062 4.6566019058227539
       -74.0807113647460938 4.6565237045288086
       -74.0806274414062500 4.6564393043518066
       -74.0805587768554688 4.6563606262207031
       -74.0805587768554688 4.6563606262207031
       -74.0805587768554688 4.6563606262207031
       -74.0805587768554688 4.6563606262207031
       -74.0805587768554688 4.6563606262207031
       -74.0805587768554688 4.6563606262207031
       -74.0805587768554688 4.6563606262207031
       -74.0805587768554688 4.6563606262207031
       -74.0805587768554688 4.6561994552612305
       -74.0805358886718750 4.6561031341552734
       -74.0805130004882812 4.6560416221618652
       -74.0804748535156250 4.6559958457946777
       -74.0804290771484375 4.6559624671936035
       -74.0803298950195312 4.6559057235717773
       -74.0802383422851562 4.6558790206909180
       -74.0802383422851562 4.6558790206909180
       -74.0801315307617188 4.6558237075805664
       -74.0801315307617188 4.6558237075805664
       -74.0801315307617188 4.6558237075805664
       -74.0799865722656250 4.6556768417358398
       -74.0799331665039062 4.6555991172790527
       -74.0799331665039062 4.6555991172790527
       -74.0799331665039062 4.6555991172790527
       -74.0799331665039062 4.6555991172790527
       -74.0797805786132812 4.6557226181030273
       -74.0797424316406250 4.6558241844177246
       -74.0797042846679688 4.6559219360351562
       -74.0797042846679688 4.6559219360351562
       -74.0797042846679688 4.6559219360351562
       -74.0797042846679688 4.6559219360351562
       -74.0797042846679688 4.6559219360351562
       -74.0797042846679688 4.6559219360351562
       -74.0796737670898438 4.6561131477355957
       -74.0796737670898438 4.6561131477355957
       -74.0796737670898438 4.6561131477355957
       -74.0796737670898438 4.6561131477355957
       -74.0796737670898438 4.6561131477355957
       -74.0796737670898438 4.6561131477355957
       -74.0796737670898438 4.6561131477355957
       -74.0796737670898438 4.6561131477355957
       -74.0796737670898438 4.6561131477355957
       -74.0796737670898438 4.6561131477355957
       -74.0796737670898438 4.6561131477355957
       -74.0796737670898438 4.6561131477355957
       -74.0796737670898438 4.6561131477355957
       -74.0795669555664062 4.6563267707824707
       -74.0795135498046875 4.6564431190490723
       -74.0794754028320312 4.6565113067626953
       -74.0794525146484375 4.6565518379211426
       -74.0794296264648438 4.6565990447998047
       -74.0793991088867188 4.6566395759582520
       -74.0793762207031250 4.6566796302795410
       -74.0793533325195312 4.6567196846008301
       -74.0793533325195312 4.6567196846008301
       -74.0793533325195312 4.6567196846008301
       -74.0793533325195312 4.6567196846008301
       -74.0793533325195312 4.6567196846008301
       -74.0793151855468750 4.6567974090576172
       -74.0792846679687500 4.6568474769592285
       -74.0792617797851562 4.6568937301635742
       -74.0792388916015625 4.6569395065307617
       -74.0792160034179688 4.6569843292236328
       -74.0792160034179688 4.6569843292236328
       -74.0792160034179688 4.6569843292236328
       -74.0792160034179688 4.6569843292236328
       -74.0792160034179688 4.6569843292236328
       -74.0792007446289062 4.6570868492126465
       -74.0792007446289062 4.6571488380432129
       -74.0792312622070312 4.6571993827819824
       -74.0792617797851562 4.6572427749633789
       -74.0792617797851562 4.6572427749633789
       -74.0792617797851562 4.6572427749633789
       -74.0793151855468750 4.6572895050048828
       -74.0793533325195312 4.6573219299316406
       -74.0793914794921875 4.6573472023010254
       -74.0793914794921875 4.6573472023010254
       -74.0794448852539062 4.6573677062988281
       -74.0794448852539062 4.6573677062988281
       -74.0794448852539062 4.6573677062988281
       -74.0794448852539062 4.6573677062988281
       -74.0794448852539062 4.6573677062988281
       -74.0794448852539062 4.6573677062988281
       -74.0794448852539062 4.6573677062988281
       -74.0795593261718750 4.6573781967163086
       -74.0795593261718750 4.6573781967163086
       -74.0795593261718750 4.6573781967163086
       -74.0795593261718750 4.6573781967163086
       -74.0795593261718750 4.6573781967163086
       -74.0795593261718750 4.6573781967163086
       -74.0795593261718750 4.6573781967163086
       -74.0795593261718750 4.6573781967163086
       -74.0795593261718750 4.6573781967163086
       -74.0795593261718750 4.6573781967163086
       -74.0795593261718750 4.6573781967163086
       -74.0797500610351562 4.6573805809020996
       -74.0798492431640625 4.6573791503906250
       -74.0799179077148438 4.6573758125305176
       -74.0799179077148438 4.6573758125305176
       -74.0799713134765625 4.6573672294616699
       -74.0799713134765625 4.6573672294616699
       -74.0799713134765625 4.6573672294616699
       -74.0799713134765625 4.6573672294616699
       -74.0800781250000000 4.6573476791381836
       -74.0801467895507812 4.6573362350463867
       -74.0801925659179688 4.6573281288146973
       -74.0802383422851562 4.6573166847229004
       -74.0802841186523438 4.6573085784912109
       -74.0802841186523438 4.6573085784912109
       -74.0802841186523438 4.6573085784912109
       -74.0802841186523438 4.6573085784912109
       -74.0802841186523438 4.6573085784912109
       -74.0802841186523438 4.6573085784912109
       -74.0802841186523438 4.6573085784912109
       -74.0802841186523438 4.6573085784912109
       -74.0802841186523438 4.6573085784912109
       -74.0802841186523438 4.6573085784912109
       -74.0802841186523438 4.6573085784912109
       -74.0802841186523438 4.6573085784912109
       -74.0802841186523438 4.6573085784912109
       -74.0802841186523438 4.6573085784912109
       -74.0802841186523438 4.6573085784912109
       -74.0802841186523438 4.6573085784912109
       -74.0804977416992188 4.6572523117065430
       -74.0806121826171875 4.6572203636169434
       -74.0806808471679688 4.6572017669677734
       -74.0807266235351562 4.6571874618530273
       -74.0807647705078125 4.6571693420410156
       -74.0807647705078125 4.6571693420410156
       -74.0807647705078125 4.6571693420410156
       -74.0807647705078125 4.6571693420410156
       -74.0807647705078125 4.6571693420410156
       -74.0807647705078125 4.6571693420410156
       -74.0807647705078125 4.6571693420410156
       -74.0807647705078125 4.6571693420410156
       -74.0807647705078125 4.6571693420410156
       -74.0807800292968750 4.6570434570312500
       -74.0807800292968750 4.6570434570312500
       -74.0807800292968750 4.6570434570312500
       -74.0807800292968750 4.6569318771362305
       -74.0807723999023438 4.6568684577941895
       -74.0807647705078125 4.6568193435668945
       -74.0807647705078125 4.6568193435668945
       -74.0807647705078125 4.6567664146423340
       -74.0807647705078125 4.6567664146423340
       -74.0807571411132812 4.6566967964172363
       -74.0807418823242188 4.6566500663757324
       -74.0807189941406250 4.6566028594970703
       -74.0806884765625000 4.6565594673156738
       -74.0806655883789062 4.6565194129943848
       -74.0806655883789062 4.6565194129943848
       -74.0806655883789062 4.6565194129943848
       -74.0806655883789062 4.6565194129943848
       -74.0806121826171875 4.6564683914184570
       -74.0805664062500000 4.6564354896545410
       -74.0805664062500000 4.6564354896545410
       -74.0805282592773438 4.6563992500305176
       -74.0805130004882812 4.6563410758972168
       -74.0805053710937500 4.6562891006469727
       -74.0805130004882812 4.6562380790710449
       -74.0805511474609375 4.6562042236328125
       -74.0805511474609375 4.6562042236328125
       -74.0805511474609375 4.6562042236328125
       -74.0805511474609375 4.6562042236328125
       -74.0805511474609375 4.6562042236328125
       -74.0806427001953125 4.6561827659606934
       -74.0806961059570312 4.6561703681945801
       -74.0806961059570312 4.6561703681945801
       -74.0806961059570312 4.6561703681945801
       -74.0806961059570312 4.6561703681945801
       -74.0807723999023438 4.6561570167541504
       -74.0808258056640625 4.6561512947082520
       -74.0808715820312500 4.6561422348022461
       -74.0809249877929688 4.6561226844787598
       -74.0809707641601562 4.6561050415039062
       -74.0810089111328125 4.6560721397399902
       -74.0810470581054688 4.6560406684875488
       -74.0810775756835938 4.6560015678405762
       -74.0811080932617188 4.6559600830078125
       -74.0811309814453125 4.6559195518493652
       -74.0812072753906250 4.6558480262756348
       -74.0813140869140625 4.6557912826538086
       -74.0814056396484375 4.6557435989379883
       -74.0815277099609375 4.6557507514953613
       -74.0816192626953125 4.6557559967041016
       -74.0817184448242188 4.6557779312133789
       -74.0818252563476562 4.6557655334472656
       -74.0819320678710938 4.6557550430297852
       -74.0820465087890625 4.6556911468505859
       -74.0820465087890625 4.6556911468505859
       -74.0820465087890625 4.6556911468505859
       -74.0820465087890625 4.6556911468505859
       -74.0820465087890625 4.6556911468505859
       -74.0820465087890625 4.6556911468505859
       -74.0820465087890625 4.6556911468505859
       -74.0820465087890625 4.6556911468505859
       -74.0822906494140625 4.6553254127502441
       -74.0822906494140625 4.6553254127502441
       -74.0822906494140625 4.6553254127502441
       -74.0822906494140625 4.6553254127502441
       -74.0822906494140625 4.6553254127502441
       -74.0825119018554688 4.6549901962280273
       -74.0825500488281250 4.6549081802368164
       -74.0825881958007812 4.6548075675964355
       -74.0825881958007812 4.6548075675964355
       -74.0825881958007812 4.6548075675964355
       -74.0825881958007812 4.6548075675964355
       -74.0826110839843750 4.6546726226806641
       -74.0826263427734375 4.6545748710632324
       -74.0826416015625000 4.6545009613037109
       -74.0826416015625000 4.6544361114501953
       -74.0826339721679688 4.6543741226196289
       -74.0826339721679688 4.6543741226196289
       -74.0825805664062500 4.6541485786437988
       -74.0825576782226562 4.6540346145629883
       -74.0825347900390625 4.6539344787597656
       -74.0825347900390625 4.6539344787597656
       -74.0824508666992188 4.6538758277893066
       -74.0824508666992188 4.6538758277893066
       -74.0824508666992188 4.6538758277893066
       -74.0824508666992188 4.6538758277893066
       -74.0824508666992188 4.6538758277893066
       -74.0824508666992188 4.6538758277893066
       -74.0824508666992188 4.6538758277893066
       -74.0824508666992188 4.6538758277893066
       -74.0824508666992188 4.6538758277893066
       -74.0824508666992188 4.6538758277893066
       -74.0824508666992188 4.6538758277893066
       -74.0824508666992188 4.6538758277893066
       -74.0824508666992188 4.6538758277893066
       -74.0824508666992188 4.6538758277893066
       -74.0824508666992188 4.6538758277893066
       -74.0824508666992188 4.6538758277893066
       -74.0824508666992188 4.6538758277893066
       -74.0824508666992188 4.6538758277893066
       -74.0824508666992188 4.6538758277893066
       -74.0824508666992188 4.6538758277893066
       -74.0824508666992188 4.6538758277893066
       -74.0815811157226562 4.6534152030944824
       -74.0814743041992188 4.6534047126770020
       -74.0813751220703125 4.6534056663513184
       -74.0812606811523438 4.6534132957458496
       -74.0812149047851562 4.6534271240234375
       -74.0811691284179688 4.6534433364868164
       -74.0811309814453125 4.6534690856933594
       -74.0811309814453125 4.6534690856933594
       -74.0811004638671875 4.6535205841064453
       -74.0811004638671875 4.6535205841064453
       -74.0811004638671875 4.6535205841064453
       -74.0810394287109375 4.6536445617675781
       -74.0809936523437500 4.6537227630615234
       -74.0809555053710938 4.6537833213806152
       -74.0809249877929688 4.6538333892822266
       -74.0809249877929688 4.6538333892822266
       -74.0809249877929688 4.6538333892822266
       -74.0808029174804688 4.6539416313171387
       -74.0807189941406250 4.6540117263793945
       -74.0806655883789062 4.6540641784667969
       -74.0806121826171875 4.6541047096252441
       -74.0805740356445312 4.6541442871093750
       -74.0805740356445312 4.6541442871093750
       -74.0804748535156250 4.6542811393737793
       -74.0804214477539062 4.6543712615966797
       -74.0803680419921875 4.6544489860534668
       -74.0803680419921875 4.6544489860534668
       -74.0803680419921875 4.6544489860534668
       -74.0802688598632812 4.6546077728271484
       -74.0802078247070312 4.6546955108642578
       -74.0802078247070312 4.6546955108642578
       -74.0802078247070312 4.6546955108642578
       -74.0802078247070312 4.6546955108642578
       -74.0802078247070312 4.6546955108642578
       -74.0802078247070312 4.6546955108642578
       -74.0802078247070312 4.6546955108642578
       -74.0799865722656250 4.6551437377929688
       -74.0799407958984375 4.6552352905273438
       -74.0798950195312500 4.6553344726562500
       -74.0798568725585938 4.6554374694824219
       -74.0798339843750000 4.6555485725402832
       -74.0798110961914062 4.6556582450866699
       -74.0797882080078125 4.6557669639587402
       -74.0797882080078125 4.6557669639587402
       -74.0797653198242188 4.6558680534362793
       -74.0797348022460938 4.6559758186340332
       -74.0797348022460938 4.6559758186340332
       -74.0797348022460938 4.6559758186340332
       -74.0797348022460938 4.6559758186340332
       -74.0797348022460938 4.6559758186340332
       -74.0797348022460938 4.6559758186340332
       -74.0797348022460938 4.6559758186340332
       -74.0797348022460938 4.6559758186340332
       -74.0797348022460938 4.6559758186340332
       -74.0797348022460938 4.6559758186340332
       -74.0797348022460938 4.6559758186340332
       -74.0797348022460938 4.6559758186340332
       -74.0797348022460938 4.6559758186340332
       -74.0797348022460938 4.6559758186340332
       -74.0797348022460938 4.6559758186340332
       -74.0794906616210938 4.6563854217529297
       -74.0793533325195312 4.6566095352172852
       -74.0792694091796875 4.6567444801330566
       -74.0792083740234375 4.6568350791931152
       -74.0791625976562500 4.6569027900695801
       -74.0790939331054688 4.6570239067077637
       -74.0791091918945312 4.6571354866027832
       -74.0792007446289062 4.6572237014770508
       -74.0792922973632812 4.6572885513305664
       -74.0793838500976562 4.6573514938354492
       -74.0794830322265625 4.6573858261108398
       -74.0795974731445312 4.6573963165283203
       -74.0797119140625000 4.6573948860168457
       -74.0798034667968750 4.6573948860168457
       -74.0798034667968750 4.6573948860168457
       -74.0798034667968750 4.6573948860168457
       -74.0798034667968750 4.6573948860168457
       -74.0798034667968750 4.6573948860168457
       -74.0798034667968750 4.6573948860168457
       -74.0798034667968750 4.6573948860168457
       -74.0798034667968750 4.6573948860168457
       -74.0798034667968750 4.6573948860168457
       -74.0798034667968750 4.6573948860168457
       -74.0798034667968750 4.6573948860168457
       -74.0798034667968750 4.6573948860168457
       -74.0798034667968750 4.6573948860168457
       -74.0806274414062500 4.6572031974792480
       -74.0807266235351562 4.6571679115295410
       -74.0808029174804688 4.6571259498596191
       -74.0808029174804688 4.6571259498596191
       -74.0808029174804688 4.6571259498596191
       -74.0808029174804688 4.6571259498596191
       -74.0808029174804688 4.6571259498596191
       -74.0808029174804688 4.6571259498596191
       -74.0808029174804688 4.6571259498596191
       -74.0808029174804688 4.6571259498596191
       -74.0808029174804688 4.6571259498596191
       -74.0808029174804688 4.6569008827209473
       -74.0807876586914062 4.6567606925964355
       -74.0807571411132812 4.6566648483276367
       -74.0807266235351562 4.6565971374511719
       -74.0806961059570312 4.6565394401550293
       -74.0806274414062500 4.6564407348632812
       -74.0806274414062500 4.6564407348632812
       -74.0806274414062500 4.6564407348632812
       -74.0806274414062500 4.6564407348632812
       -74.0806274414062500 4.6564407348632812
       -74.0806274414062500 4.6564407348632812
       -74.0806121826171875 4.6561884880065918
       -74.0807113647460938 4.6561837196350098
       -74.0808029174804688 4.6561632156372070
       -74.0808029174804688 4.6561632156372070
       -74.0808029174804688 4.6561632156372070
       -74.0808029174804688 4.6561632156372070
       -74.0808029174804688 4.6561632156372070
       -74.0808029174804688 4.6561632156372070
       -74.0808029174804688 4.6561632156372070
       -74.0808029174804688 4.6561632156372070
       -74.0808029174804688 4.6561632156372070
       -74.0808029174804688 4.6561632156372070
       -74.0808029174804688 4.6561632156372070
       -74.0808029174804688 4.6561632156372070
       -74.0808029174804688 4.6561632156372070
       -74.0808029174804688 4.6561632156372070
       -74.0808029174804688 4.6561632156372070
       -74.0808029174804688 4.6561632156372070
       -74.0814208984375000 4.6557154655456543
       -74.0815200805664062 4.6557312011718750
       -74.0816116333007812 4.6557517051696777
       -74.0817184448242188 4.6557726860046387
       -74.0817718505859375 4.6557745933532715
       -74.0818252563476562 4.6557722091674805
       -74.0818786621093750 4.6557664871215820
       -74.0819320678710938 4.6557555198669434
       -74.0819702148437500 4.6557326316833496
       -74.0820388793945312 4.6556706428527832
       -74.0820922851562500 4.6555862426757812
       -74.0821533203125000 4.6555118560791016
       -74.0822067260742188 4.6554346084594727
       -74.0822830200195312 4.6553459167480469
       -74.0823364257812500 4.6552581787109375
       -74.0823364257812500 4.6552581787109375
       -74.0823974609375000 4.6551728248596191
       -74.0823974609375000 4.6551728248596191
       -74.0823974609375000 4.6551728248596191
       -74.0823974609375000 4.6551728248596191
       -74.0823974609375000 4.6551728248596191
       -74.0826110839843750 4.6546673774719238
       -74.0826568603515625 4.6545252799987793
       -74.0826568603515625 4.6544127464294434
       -74.0826263427734375 4.6542940139770508
       -74.0826110839843750 4.6541762351989746
       -74.0825958251953125 4.6540808677673340
       -74.0825958251953125 4.6540808677673340
       -74.0825958251953125 4.6540808677673340
       -74.0825958251953125 4.6540808677673340
       -74.0825958251953125 4.6540808677673340
       -74.0825958251953125 4.6540808677673340
       -74.0825958251953125 4.6540808677673340
       -74.0825958251953125 4.6540808677673340
       -74.0822525024414062 4.6537876129150391
       -74.0821609497070312 4.6537418365478516
       -74.0821609497070312 4.6537418365478516
       -74.0821609497070312 4.6537418365478516
       -74.0821609497070312 4.6537418365478516
       -74.0821609497070312 4.6537418365478516
       -74.0821609497070312 4.6537418365478516
       -74.0821609497070312 4.6537418365478516
       -74.0821609497070312 4.6537418365478516
       -74.0821609497070312 4.6537418365478516
       -74.0821609497070312 4.6537418365478516
       -74.0821609497070312 4.6537418365478516
       -74.0821609497070312 4.6537418365478516
       -74.0821609497070312 4.6537418365478516
       -74.0821609497070312 4.6537418365478516
       -74.0819015502929688 4.6535892486572266
       -74.0817489624023438 4.6535105705261230
       -74.0816421508789062 4.6534676551818848
       -74.0815582275390625 4.6534414291381836
       -74.0814819335937500 4.6534204483032227
       -74.0813598632812500 4.6533975601196289
       -74.0812530517578125 4.6534051895141602
       -74.0811614990234375 4.6534271240234375
       -74.0811614990234375 4.6534271240234375
       -74.0811614990234375 4.6534271240234375
       -74.0811614990234375 4.6534271240234375
       -74.0811614990234375 4.6534271240234375
       -74.0811614990234375 4.6534271240234375
       -74.0810470581054688 4.6537137031555176
       -74.0809783935546875 4.6537837982177734
       -74.0809249877929688 4.6538672447204590
       -74.0809249877929688 4.6538672447204590
       -74.0809249877929688 4.6538672447204590
       -74.0809249877929688 4.6538672447204590
       -74.0809249877929688 4.6538672447204590
       -74.0809249877929688 4.6538672447204590
       -74.0809249877929688 4.6538672447204590
       -74.0809249877929688 4.6538672447204590
       -74.0809249877929688 4.6538672447204590
       -74.0805358886718750 4.6542019844055176
       -74.0804748535156250 4.6542949676513672
       -74.0804214477539062 4.6543869972229004
       -74.0803604125976562 4.6544775962829590
       -74.0803070068359375 4.6545472145080566
       -74.0803070068359375 4.6545472145080566
       -74.0802459716796875 4.6546349525451660
       -74.0801849365234375 4.6547193527221680
       -74.0801315307617188 4.6548070907592773
       -74.0800704956054688 4.6548848152160645
       -74.0800704956054688 4.6548848152160645
       -74.0800704956054688 4.6548848152160645
       -74.0800704956054688 4.6548848152160645
       -74.0800247192382812 4.6550002098083496
       -74.0799865722656250 4.6550807952880859
       -74.0799636840820312 4.6551451683044434
       -74.0799407958984375 4.6552009582519531
       -74.0799255371093750 4.6552586555480957
       -74.0798950195312500 4.6553688049316406
       -74.0798645019531250 4.6554822921752930
       -74.0798263549804688 4.6555929183959961
       -74.0797958374023438 4.6556816101074219
       -74.0797958374023438 4.6556816101074219
       -74.0797958374023438 4.6556816101074219
       -74.0797958374023438 4.6556816101074219
       -74.0797958374023438 4.6556816101074219
       -74.0797958374023438 4.6556816101074219
       -74.0797958374023438 4.6556816101074219
       -74.0797958374023438 4.6556816101074219
       -74.0797958374023438 4.6556816101074219
       -74.0797958374023438 4.6556816101074219
       -74.0797958374023438 4.6556816101074219
       -74.0797958374023438 4.6556816101074219
       -74.0797958374023438 4.6556816101074219
       -74.0797958374023438 4.6556816101074219
       -74.0797958374023438 4.6556816101074219
       -74.0795822143554688 4.6563529968261719
       -74.0795135498046875 4.6564416885375977
       -74.0794601440429688 4.6565122604370117
       -74.0794601440429688 4.6565122604370117
       -74.0794601440429688 4.6565122604370117
       -74.0794601440429688 4.6565122604370117
       -74.0794601440429688 4.6565122604370117
       -74.0792922973632812 4.6567625999450684
       -74.0792312622070312 4.6568503379821777
       -74.0791625976562500 4.6569671630859375
       -74.0791320800781250 4.6570839881896973
       -74.0791778564453125 4.6571931838989258
       -74.0792236328125000 4.6572313308715820
       -74.0792617797851562 4.6572651863098145
       -74.0792999267578125 4.6572976112365723
       -74.0793457031250000 4.6573247909545898
       -74.0793991088867188 4.6573452949523926
       -74.0795135498046875 4.6573796272277832
       -74.0796203613281250 4.6573905944824219
       -74.0796203613281250 4.6573905944824219
       -74.0796203613281250 4.6573905944824219
       -74.0796203613281250 4.6573905944824219
       -74.0796203613281250 4.6573905944824219
       -74.0796203613281250 4.6573905944824219
       -74.0796203613281250 4.6573905944824219
       -74.0796203613281250 4.6573905944824219
       -74.0796203613281250 4.6573905944824219
       -74.0796203613281250 4.6573905944824219
       -74.0796203613281250 4.6573905944824219
       -74.0796203613281250 4.6573905944824219
       -74.0796203613281250 4.6573905944824219
       -74.0805130004882812 4.6572527885437012
       -74.0806045532226562 4.6572203636169434
       -74.0807037353515625 4.6571869850158691
       -74.0807037353515625 4.6571869850158691
       -74.0807037353515625 4.6571869850158691
       -74.0807037353515625 4.6571869850158691
       -74.0807037353515625 4.6571869850158691
       -74.0807037353515625 4.6571869850158691
       -74.0807037353515625 4.6571869850158691
       -74.0807037353515625 4.6571869850158691
       -74.0807037353515625 4.6571869850158691
       -74.0807037353515625 4.6571869850158691
       -74.0807495117187500 4.6569404602050781
       -74.0807647705078125 4.6567907333374023
       -74.0807571411132812 4.6566886901855469
       -74.0807342529296875 4.6566152572631836
       -74.0807037353515625 4.6565566062927246
       -74.0806503295898438 4.6564655303955078
       -74.0805664062500000 4.6564011573791504
       -74.0805053710937500 4.6563310623168945
       -74.0804977416992188 4.6562404632568359
       -74.0805969238281250 4.6561903953552246
       -74.0807113647460938 4.6561932563781738
       -74.0808105468750000 4.6561756134033203
       -74.0809173583984375 4.6561436653137207
       -74.0809173583984375 4.6561436653137207
       -74.0809173583984375 4.6561436653137207
       -74.0809173583984375 4.6561436653137207
       -74.0809173583984375 4.6561436653137207
       -74.0809173583984375 4.6561436653137207
       -74.0809173583984375 4.6561436653137207
       -74.0809173583984375 4.6561436653137207
       -74.0809173583984375 4.6561436653137207
       -74.0809173583984375 4.6561436653137207
       -74.0809173583984375 4.6561436653137207
       -74.0809173583984375 4.6561436653137207
       -74.0809173583984375 4.6561436653137207
       -74.0809173583984375 4.6561436653137207
       -74.0809173583984375 4.6561436653137207
       -74.0809173583984375 4.6561436653137207
       -74.0809173583984375 4.6561436653137207
       -74.0816955566406250 4.6557693481445312
       -74.0818023681640625 4.6557888984680176
       -74.0818939208984375 4.6557741165161133
       -74.0819931030273438 4.6557464599609375
       -74.0819931030273438 4.6557464599609375
       -74.0820236206054688 4.6557130813598633
       -74.0820236206054688 4.6557130813598633
       -74.0820236206054688 4.6557130813598633
       -74.0820236206054688 4.6557130813598633
       -74.0820236206054688 4.6557130813598633
       -74.0820236206054688 4.6557130813598633
       -74.0820236206054688 4.6557130813598633
       -74.0820236206054688 4.6557130813598633
       -74.0821609497070312 4.6555213928222656
       -74.0822372436523438 4.6554050445556641
       -74.0822982788085938 4.6553254127502441
       -74.0823440551757812 4.6552667617797852
       -74.0823822021484375 4.6552143096923828
       -74.0824279785156250 4.6551113128662109
       -74.0824737548828125 4.6550197601318359
       -74.0825042724609375 4.6549115180969238
       -74.0825042724609375 4.6549115180969238
       -74.0825042724609375 4.6549115180969238
       -74.0825042724609375 4.6549115180969238
       -74.0826034545898438 4.6546320915222168
       -74.0826187133789062 4.6545238494873047
       -74.0826263427734375 4.6544275283813477
       -74.0826263427734375 4.6544275283813477
       -74.0826263427734375 4.6544275283813477
       -74.0826263427734375 4.6544275283813477
       -74.0826263427734375 4.6544275283813477
       -74.0826263427734375 4.6544275283813477
       -74.0826263427734375 4.6544275283813477
       -74.0826263427734375 4.6544275283813477
       -74.0826263427734375 4.6544275283813477
       -74.0826263427734375 4.6544275283813477
       -74.0826263427734375 4.6544275283813477
       -74.0826263427734375 4.6544275283813477
       -74.0826263427734375 4.6544275283813477
       -74.0825805664062500 4.6541285514831543
       -74.0825729370117188 4.6540260314941406
       -74.0825729370117188 4.6540260314941406
       -74.0825500488281250 4.6539735794067383
       -74.0825347900390625 4.6539249420166016
       -74.0825347900390625 4.6538777351379395
       -74.0825347900390625 4.6538777351379395
       -74.0825347900390625 4.6538777351379395
       -74.0825347900390625 4.6538224220275879
       -74.0825347900390625 4.6537737846374512
       -74.0825347900390625 4.6537737846374512
       -74.0825347900390625 4.6537737846374512
       -74.0825347900390625 4.6537737846374512
       -74.0825347900390625 4.6537737846374512
       -74.0824813842773438 4.6536870002746582
       -74.0824584960937500 4.6536364555358887
       -74.0824584960937500 4.6536364555358887
       -74.0824279785156250 4.6535944938659668
       -74.0824279785156250 4.6535944938659668
       -74.0824279785156250 4.6535944938659668
       -74.0824279785156250 4.6535944938659668
       -74.0824279785156250 4.6535944938659668
       -74.0824279785156250 4.6535944938659668
       -74.0824279785156250 4.6535944938659668
       -74.0824279785156250 4.6535944938659668
       -74.0824279785156250 4.6535944938659668
       -74.0823440551757812 4.6534972190856934
       -74.0822982788085938 4.6534452438354492
       -74.0822982788085938 4.6534452438354492
       -74.0822982788085938 4.6534452438354492
       -74.0822982788085938 4.6534452438354492
       -74.0822982788085938 4.6534452438354492
       -74.0822982788085938 4.6534452438354492
       -74.0822982788085938 4.6533536911010742
       -74.0823135375976562 4.6532964706420898
       -74.0823135375976562 4.6532964706420898
       -74.0823135375976562 4.6532964706420898
       -74.0823135375976562 4.6532964706420898
       -74.0823593139648438 4.6532421112060547
       -74.0823516845703125 4.6531953811645508
       -74.0823516845703125 4.6531953811645508
       -74.0823516845703125 4.6531953811645508
       -74.0823516845703125 4.6531953811645508
       -74.0823516845703125 4.6531953811645508
       -74.0823516845703125 4.6531953811645508
       -74.0823516845703125 4.6531953811645508
       -74.0823516845703125 4.6531953811645508
       -74.0823516845703125 4.6531953811645508
       -74.0823516845703125 4.6531953811645508
       -74.0823516845703125 4.6531953811645508
       -74.0823516845703125 4.6531953811645508
       -74.0823745727539062 4.6531138420104980
       -74.0823974609375000 4.6530804634094238
       -74.0823974609375000 4.6530804634094238
       -74.0823974609375000 4.6530804634094238
       -74.0823974609375000 4.6530804634094238
       -74.0823364257812500 4.6531825065612793
       -74.0823059082031250 4.6532373428344727
       -74.0823059082031250 4.6532373428344727
       -74.0823059082031250 4.6532373428344727
       -74.0823059082031250 4.6532373428344727
       -74.0820388793945312 4.6533355712890625
       -74.0818939208984375 4.6533837318420410
       -74.0818099975585938 4.6534066200256348
       -74.0817565917968750 4.6534175872802734
       -74.0817565917968750 4.6534175872802734
       -74.0817031860351562 4.6534185409545898
       -74.0816574096679688 4.6534152030944824
       -74.0816574096679688 4.6534152030944824
       -74.0816574096679688 4.6534152030944824
       -74.0816574096679688 4.6534152030944824
       -74.0816574096679688 4.6534152030944824
       -74.0815582275390625 4.6534223556518555
       -74.0814971923828125 4.6534204483032227
       -74.0814437866210938 4.6534118652343750
       -74.0813903808593750 4.6534075736999512
       -74.0813903808593750 4.6534075736999512
       -74.0813369750976562 4.6534004211425781
       -74.0812911987304688 4.6534008979797363
       -74.0812911987304688 4.6534008979797363
       -74.0812911987304688 4.6534008979797363
       -74.0812911987304688 4.6534008979797363
       -74.0812911987304688 4.6534008979797363
       -74.0812911987304688 4.6534008979797363
       -74.0812072753906250 4.6534371376037598
       -74.0811614990234375 4.6534628868103027
       -74.0811309814453125 4.6534943580627441
       -74.0811309814453125 4.6534943580627441
       -74.0811309814453125 4.6534943580627441
       -74.0811309814453125 4.6534943580627441
       -74.0811309814453125 4.6534943580627441
       -74.0811309814453125 4.6534943580627441
       -74.0811157226562500 4.6535940170288086
       -74.0811080932617188 4.6536545753479004
       -74.0811080932617188 4.6536545753479004
       -74.0811080932617188 4.6536545753479004
       -74.0811080932617188 4.6536545753479004
       -74.0811080932617188 4.6536545753479004
       -74.0811080932617188 4.6536545753479004
       -74.0811080932617188 4.6536545753479004
       -74.0811080932617188 4.6536545753479004
       -74.0810928344726562 4.6537537574768066
       -74.0810852050781250 4.6538152694702148
       -74.0810852050781250 4.6538152694702148
       -74.0810852050781250 4.6538152694702148
       -74.0810852050781250 4.6538152694702148
       -74.0810852050781250 4.6538152694702148
       -74.0811004638671875 4.6537604331970215
       -74.0811004638671875 4.6537604331970215
       -74.0811004638671875 4.6537604331970215
       -74.0811004638671875 4.6537604331970215
       -74.0810317993164062 4.6537661552429199
       -74.0809783935546875 4.6537685394287109
       -74.0809097290039062 4.6537694931030273
       -74.0809097290039062 4.6537694931030273
       -74.0809097290039062 4.6537694931030273
       -74.0809097290039062 4.6537694931030273
       -74.0809097290039062 4.6537694931030273
       -74.0809097290039062 4.6537694931030273
       -74.0808181762695312 4.6538558006286621
       -74.0808181762695312 4.6538558006286621
       -74.0807571411132812 4.6539311408996582
       -74.0807266235351562 4.6539769172668457
       -74.0806961059570312 4.6540198326110840
       -74.0806579589843750 4.6540594100952148
       -74.0806198120117188 4.6540937423706055
       -74.0806198120117188 4.6540937423706055
       -74.0806198120117188 4.6540937423706055
       -74.0806198120117188 4.6540937423706055
       -74.0806198120117188 4.6540937423706055
       -74.0805282592773438 4.6542191505432129
       -74.0804672241210938 4.6542882919311523
       -74.0804367065429688 4.6543307304382324
       -74.0804138183593750 4.6543669700622559
       -74.0804138183593750 4.6543669700622559
       -74.0804138183593750 4.6543669700622559
       -74.0804138183593750 4.6543669700622559
       -74.0804138183593750 4.6543669700622559
       -74.0804138183593750 4.6543669700622559
       -74.0804138183593750 4.6543669700622559
       -74.0804138183593750 4.6543669700622559
       -74.0804138183593750 4.6543669700622559
       -74.0804138183593750 4.6543669700622559
       -74.0803451538085938 4.6545381546020508
       -74.0803146362304688 4.6546306610107422
       -74.0803146362304688 4.6546306610107422
       -74.0803146362304688 4.6546306610107422
       -74.0803146362304688 4.6546306610107422
       -74.0803146362304688 4.6546306610107422
       -74.0803146362304688 4.6546306610107422
       -74.0803146362304688 4.6546306610107422
       -74.0803146362304688 4.6546306610107422
       -74.0802307128906250 4.6547627449035645
       -74.0801773071289062 4.6548357009887695
       -74.0801467895507812 4.6548814773559570
       -74.0801467895507812 4.6548814773559570
       -74.0801467895507812 4.6548814773559570
       -74.0801086425781250 4.6549329757690430
       -74.0801086425781250 4.6549329757690430
       -74.0800628662109375 4.6549997329711914
       -74.0800399780273438 4.6550426483154297
       -74.0800399780273438 4.6550426483154297
       -74.0800399780273438 4.6550426483154297
       -74.0800094604492188 4.6550898551940918
       -74.0799789428710938 4.6551251411437988
       -74.0799789428710938 4.6551251411437988
       -74.0799789428710938 4.6551251411437988
       -74.0799789428710938 4.6551251411437988
       -74.0799789428710938 4.6551251411437988
       -74.0799484252929688 4.6551861763000488
       -74.0799255371093750 4.6552391052246094
       -74.0799026489257812 4.6552901268005371
       -74.0798873901367188 4.6553411483764648
       -74.0798797607421875 4.6553974151611328
       -74.0798645019531250 4.6554455757141113
       -74.0798645019531250 4.6554455757141113
       -74.0798645019531250 4.6555023193359375
       -74.0798645019531250 4.6555023193359375
       -74.0798645019531250 4.6555023193359375
       -74.0798950195312500 4.6555833816528320
       -74.0798950195312500 4.6555833816528320
       -74.0798950195312500 4.6555833816528320
       -74.0798950195312500 4.6555833816528320
       -74.0798950195312500 4.6555833816528320
       -74.0798950195312500 4.6555833816528320
       -74.0798950195312500 4.6555833816528320
       -74.0798950195312500 4.6555833816528320
       -74.0798950195312500 4.6555833816528320
       -74.0799942016601562 4.6556897163391113
       -74.0799942016601562 4.6556897163391113
       -74.0799942016601562 4.6556897163391113
       -74.0799942016601562 4.6556897163391113
       -74.0799942016601562 4.6556897163391113
       -74.0799942016601562 4.6556897163391113
       -74.0801162719726562 4.6557807922363281
       -74.0801925659179688 4.6558289527893066
       -74.0802383422851562 4.6558561325073242
       -74.0802383422851562 4.6558561325073242
       -74.0802383422851562 4.6558561325073242
       -74.0802383422851562 4.6558561325073242
       -74.0802383422851562 4.6558561325073242
       -74.0802383422851562 4.6558561325073242
       -74.0802383422851562 4.6558561325073242
       -74.0803451538085938 4.6559009552001953
       -74.0803985595703125 4.6559300422668457
       -74.0804519653320312 4.6559548377990723
       -74.0804519653320312 4.6559548377990723
       -74.0804519653320312 4.6559548377990723
       -74.0804519653320312 4.6559548377990723
       -74.0804519653320312 4.6559548377990723
       -74.0804519653320312 4.6559548377990723
       -74.0804519653320312 4.6559548377990723
       -74.0804519653320312 4.6559548377990723
       -74.0804519653320312 4.6559548377990723
       -74.0804519653320312 4.6559548377990723
       -74.0804519653320312 4.6559548377990723
       -74.0804519653320312 4.6559548377990723
       -74.0804519653320312 4.6559548377990723
       -74.0804519653320312 4.6559548377990723
       -74.0804519653320312 4.6559548377990723
       -74.0804519653320312 4.6559548377990723
       -74.0804519653320312 4.6559548377990723
       -74.0806121826171875 4.6560564041137695
       -74.0807037353515625 4.6560993194580078
       -74.0807495117187500 4.6561150550842285
       -74.0808105468750000 4.6561179161071777
       -74.0808563232421875 4.6561121940612793
       -74.0808563232421875 4.6561121940612793
       -74.0808563232421875 4.6561121940612793
       -74.0808563232421875 4.6561121940612793
       -74.0809478759765625 4.6560788154602051
       -74.0810012817382812 4.6560502052307129
       -74.0810012817382812 4.6560502052307129
       -74.0810012817382812 4.6560502052307129
       -74.0810012817382812 4.6560502052307129
       -74.0810012817382812 4.6560502052307129
       -74.0810012817382812 4.6560502052307129
       -74.0810012817382812 4.6560502052307129
       -74.0810775756835938 4.6559624671936035
       -74.0811233520507812 4.6559052467346191
       -74.0811462402343750 4.6558694839477539
       -74.0811843872070312 4.6558365821838379
       -74.0811843872070312 4.6558365821838379
       -74.0811843872070312 4.6558365821838379
       -74.0811843872070312 4.6558365821838379
       -74.0811843872070312 4.6558365821838379
       -74.0811843872070312 4.6558365821838379
       -74.0811843872070312 4.6558365821838379
       -74.0811843872070312 4.6558365821838379
       -74.0813293457031250 4.6557793617248535
       -74.0814132690429688 4.6557545661926270
       -74.0814590454101562 4.6557478904724121
       -74.0815124511718750 4.6557507514953613
       -74.0815124511718750 4.6557507514953613
       -74.0815124511718750 4.6557507514953613
       -74.0815124511718750 4.6557507514953613
       -74.0815887451171875 4.6557664871215820
       -74.0816421508789062 4.6557798385620117
       -74.0816955566406250 4.6557917594909668
       -74.0817413330078125 4.6558017730712891
       -74.0818023681640625 4.6558012962341309
       -74.0818481445312500 4.6557950973510742
       -74.0818481445312500 4.6557950973510742
       -74.0818481445312500 4.6557950973510742
       -74.0818481445312500 4.6557950973510742
       -74.0818481445312500 4.6557950973510742
       -74.0818481445312500 4.6557950973510742
       -74.0818481445312500 4.6557950973510742
       -74.0819549560546875 4.6557221412658691
       -74.0820083618164062 4.6556735038757324
       -74.0820465087890625 4.6556429862976074
       -74.0820465087890625 4.6556429862976074
       -74.0820465087890625 4.6556429862976074
       -74.0820465087890625 4.6556429862976074
       -74.0820465087890625 4.6556429862976074
       -74.0820465087890625 4.6556429862976074
       -74.0820465087890625 4.6556429862976074
       -74.0820465087890625 4.6556429862976074
       -74.0820465087890625 4.6556429862976074
       -74.0821304321289062 4.6555466651916504
       -74.0821685791015625 4.6554875373840332
       -74.0821990966796875 4.6554470062255859
       -74.0822296142578125 4.6554098129272461
       -74.0822601318359375 4.6553659439086914
       -74.0822601318359375 4.6553659439086914
       -74.0822601318359375 4.6553659439086914
       -74.0822601318359375 4.6553659439086914
       -74.0822601318359375 4.6553659439086914
       -74.0822601318359375 4.6553659439086914
       -74.0822601318359375 4.6553659439086914
       -74.0823287963867188 4.6552658081054688
       -74.0823593139648438 4.6552057266235352
       -74.0823822021484375 4.6551651954650879
       -74.0824050903320312 4.6551218032836914
       -74.0824279785156250 4.6550807952880859
       -74.0824279785156250 4.6550807952880859
       -74.0824279785156250 4.6550807952880859
       -74.0824279785156250 4.6550807952880859
       -74.0824279785156250 4.6550807952880859
       -74.0824279785156250 4.6550807952880859
       -74.0824279785156250 4.6550807952880859
       -74.0824279785156250 4.6550807952880859
       -74.0824661254882812 4.6549706459045410
       -74.0824890136718750 4.6549034118652344
       -74.0825042724609375 4.6548600196838379
       -74.0825042724609375 4.6548600196838379
       -74.0825042724609375 4.6548600196838379
       -74.0825271606445312 4.6547956466674805
       -74.0825500488281250 4.6547465324401855
       -74.0825653076171875 4.6547002792358398
       -74.0825729370117188 4.6546535491943359
       -74.0825729370117188 4.6546535491943359
       -74.0825729370117188 4.6546535491943359
       -74.0825729370117188 4.6546535491943359
       -74.0825729370117188 4.6546535491943359
       -74.0825729370117188 4.6546535491943359
       -74.0825881958007812 4.6545524597167969
       -74.0826034545898438 4.6544857025146484
       -74.0826187133789062 4.6544446945190430
       -74.0826187133789062 4.6544446945190430
       -74.0826187133789062 4.6544446945190430
       -74.0826187133789062 4.6544446945190430
       -74.0826187133789062 4.6544446945190430
       -74.0826187133789062 4.6544446945190430
       -74.0826187133789062 4.6544446945190430
       -74.0826187133789062 4.6544446945190430
       -74.0826187133789062 4.6544446945190430
       -74.0826492309570312 4.6543555259704590
       -74.0826797485351562 4.6543107032775879
       -74.0826797485351562 4.6543107032775879
       -74.0826797485351562 4.6543107032775879
       -74.0826797485351562 4.6543107032775879
       -74.0826797485351562 4.6543107032775879
       -74.0826797485351562 4.6543107032775879
       -74.0826263427734375 4.6542963981628418
       -74.0826263427734375 4.6542963981628418
       -74.0826263427734375 4.6542963981628418
       -74.0826263427734375 4.6542963981628418
       -74.0826263427734375 4.6542963981628418
       -74.0825881958007812 4.6542096138000488
       -74.0825729370117188 4.6541562080383301
       -74.0825500488281250 4.6541004180908203
       -74.0825271606445312 4.6540532112121582
       -74.0825271606445312 4.6540532112121582
       -74.0825042724609375 4.6540045738220215
       -74.0825042724609375 4.6540045738220215
       -74.0825042724609375 4.6540045738220215
       -74.0825042724609375 4.6540045738220215
       -74.0825042724609375 4.6540045738220215
       -74.0824966430664062 4.6538958549499512
       -74.0824966430664062 4.6538958549499512
       -74.0824966430664062 4.6538958549499512
       -74.0824966430664062 4.6538958549499512
       -74.0824966430664062 4.6538958549499512
       -74.0824966430664062 4.6538958549499512
       -74.0824966430664062 4.6538958549499512
       -74.0824966430664062 4.6538958549499512
       -74.0824966430664062 4.6538958549499512
       -74.0825119018554688 4.6539402008056641
       -74.0825347900390625 4.6539916992187500
       -74.0825576782226562 4.6540369987487793
       -74.0825805664062500 4.6540851593017578
       -74.0825805664062500 4.6540851593017578
       -74.0825805664062500 4.6540851593017578
       -74.0825805664062500 4.6540851593017578
       -74.0825805664062500 4.6540851593017578
       -74.0825805664062500 4.6540851593017578
       -74.0825805664062500 4.6540851593017578
       -74.0826110839843750 4.6541857719421387
       -74.0826110839843750 4.6541857719421387
       -74.0826110839843750 4.6541857719421387
       -74.0826110839843750 4.6541857719421387
       -74.0826110839843750 4.6541857719421387
       -74.0826110839843750 4.6541857719421387
       -74.0826110839843750 4.6541857719421387
       -74.0825958251953125 4.6541228294372559
       -74.0825958251953125 4.6541228294372559
       -74.0825805664062500 4.6540489196777344
       -74.0825729370117188 4.6540012359619141
       -74.0825576782226562 4.6539511680603027
       -74.0825576782226562 4.6539511680603027
       -74.0825576782226562 4.6539511680603027
       -74.0825576782226562 4.6539511680603027
       -74.0825576782226562 4.6539511680603027
       -74.0825576782226562 4.6539511680603027
       -74.0825576782226562 4.6539511680603027
       -74.0825576782226562 4.6539511680603027
       -74.0825576782226562 4.6539511680603027
       -74.0825576782226562 4.6539511680603027
       -74.0825576782226562 4.6539511680603027
       -74.0825576782226562 4.6539511680603027
       -74.0825576782226562 4.6539511680603027
       -74.0825576782226562 4.6539511680603027
       -74.0825347900390625 4.6538219451904297
       -74.0825195312500000 4.6537485122680664
       -74.0825042724609375 4.6537036895751953
       -74.0824890136718750 4.6536602973937988
       -74.0824890136718750 4.6536602973937988
       -74.0824890136718750 4.6536602973937988
       -74.0824890136718750 4.6536602973937988
       -74.0824890136718750 4.6536602973937988
       -74.0824890136718750 4.6536602973937988
       -74.0824890136718750 4.6536602973937988
       -74.0824890136718750 4.6536602973937988
       -74.0824890136718750 4.6536602973937988
       -74.0824890136718750 4.6536602973937988
       -74.0823745727539062 4.6535081863403320
       -74.0823135375976562 4.6534252166748047
       -74.0823059082031250 4.6533517837524414
       -74.0823059082031250 4.6533517837524414
       -74.0823059082031250 4.6533517837524414
       -74.0823059082031250 4.6533517837524414
       -74.0823211669921875 4.6532735824584961
       -74.0823211669921875 4.6532735824584961
       -74.0823211669921875 4.6532735824584961
       -74.0823211669921875 4.6532735824584961
       -74.0821609497070312 4.6530604362487793
       -74.0820617675781250 4.6529521942138672
       -74.0819778442382812 4.6528973579406738
       -74.0819091796875000 4.6528677940368652
       -74.0818252563476562 4.6528444290161133
       -74.0817413330078125 4.6528306007385254
       -74.0816726684570312 4.6528182029724121
       -74.0815887451171875 4.6528029441833496
       -74.0815277099609375 4.6527953147888184
       -74.0815277099609375 4.6527953147888184
       -74.0815277099609375 4.6527953147888184
       -74.0815277099609375 4.6527953147888184
       -74.0815277099609375 4.6527953147888184
       -74.0815277099609375 4.6527953147888184
       -74.0815277099609375 4.6527953147888184
       -74.0813064575195312 4.6527805328369141
       -74.0811767578125000 4.6527714729309082
       -74.0810775756835938 4.6527595520019531
       -74.0810165405273438 4.6527457237243652
       -74.0809707641601562 4.6527061462402344
       -74.0809478759765625 4.6526479721069336
       -74.0809402465820312 4.6525950431823730
       -74.0809326171875000 4.6525449752807617
       -74.0809173583984375 4.6524930000305176
       -74.0809020996093750 4.6524291038513184
       -74.0808792114257812 4.6523742675781250
       -74.0808715820312500 4.6523246765136719
       -74.0808715820312500 4.6522774696350098
       -74.0808715820312500 4.6522183418273926
       -74.0808715820312500 4.6521720886230469
       -74.0808715820312500 4.6521720886230469
       -74.0808715820312500 4.6521720886230469
       -74.0808715820312500 4.6521720886230469
       -74.0808715820312500 4.6521720886230469
       -74.0809097290039062 4.6520409584045410
       -74.0809326171875000 4.6519465446472168
       -74.0809326171875000 4.6518812179565430
       -74.0809326171875000 4.6518812179565430
       -74.0809326171875000 4.6518812179565430
       -74.0809326171875000 4.6518812179565430
       -74.0809326171875000 4.6518812179565430
       -74.0809097290039062 4.6517815589904785
       -74.0808944702148438 4.6516947746276855
       -74.0808868408203125 4.6516094207763672
       -74.0808792114257812 4.6515426635742188
       -74.0808792114257812 4.6514463424682617
       -74.0808792114257812 4.6513762474060059
       -74.0808792114257812 4.6513032913208008
       -74.0808792114257812 4.6512084007263184
       -74.0808792114257812 4.6511311531066895
       -74.0808792114257812 4.6510710716247559
       -74.0808715820312500 4.6510038375854492
       -74.0808639526367188 4.6509513854980469
       -74.0808639526367188 4.6509513854980469
       -74.0808639526367188 4.6509513854980469
       -74.0808639526367188 4.6509513854980469
       -74.0808639526367188 4.6509513854980469
       -74.0808639526367188 4.6509513854980469
       -74.0808639526367188 4.6509513854980469
       -74.0808639526367188 4.6509513854980469
       -74.0808639526367188 4.6509513854980469
       -74.0808639526367188 4.6509513854980469
       -74.0808639526367188 4.6509513854980469
       -74.0808639526367188 4.6509513854980469
       -74.0809173583984375 4.6506066322326660
       -74.0809478759765625 4.6504082679748535
       -74.0809707641601562 4.6502895355224609
       -74.0809860229492188 4.6501975059509277
       -74.0809860229492188 4.6501975059509277
       -74.0809860229492188 4.6501975059509277
       -74.0809860229492188 4.6501975059509277
       -74.0809860229492188 4.6501975059509277
       -74.0809860229492188 4.6501975059509277
       -74.0809860229492188 4.6501975059509277
       -74.0809860229492188 4.6501975059509277
       -74.0810012817382812 4.6499848365783691
       -74.0810089111328125 4.6498513221740723
       -74.0810012817382812 4.6497592926025391
       -74.0810012817382812 4.6496849060058594
       -74.0809936523437500 4.6496191024780273
       -74.0810012817382812 4.6494884490966797
       -74.0810165405273438 4.6493587493896484
       -74.0810394287109375 4.6492643356323242
       -74.0810394287109375 4.6492643356323242
       -74.0810394287109375 4.6492643356323242
       -74.0810623168945312 4.6491045951843262
       -74.0810699462890625 4.6489706039428711
       -74.0810699462890625 4.6489706039428711
       -74.0810699462890625 4.6489706039428711
       -74.0810699462890625 4.6489706039428711
       -74.0810699462890625 4.6489706039428711
       -74.0810699462890625 4.6489706039428711
       -74.0810699462890625 4.6489706039428711
       -74.0810699462890625 4.6489706039428711
       -74.0810699462890625 4.6489706039428711
       -74.0810699462890625 4.6489706039428711
       -74.0811843872070312 4.6484274864196777
       -74.0811996459960938 4.6483249664306641
       -74.0812072753906250 4.6481971740722656
       -74.0812072753906250 4.6481971740722656
       -74.0812072753906250 4.6481971740722656
       -74.0812072753906250 4.6481971740722656
       -74.0812072753906250 4.6481971740722656
       -74.0812072753906250 4.6481971740722656
       -74.0812072753906250 4.6481971740722656
       -74.0812149047851562 4.6477942466735840
       -74.0812149047851562 4.6477942466735840
       -74.0812149047851562 4.6477942466735840
       -74.0812149047851562 4.6477942466735840
       -74.0812149047851562 4.6477942466735840
       -74.0812149047851562 4.6477942466735840
       -74.0812149047851562 4.6477942466735840
       -74.0812149047851562 4.6477942466735840
       -74.0812149047851562 4.6477942466735840
       -74.0812149047851562 4.6477942466735840
       -74.0812149047851562 4.6477942466735840
       -74.0812683105468750 4.6474666595458984
       -74.0813064575195312 4.6472773551940918
       -74.0813293457031250 4.6471452713012695
       -74.0813446044921875 4.6470541954040527
       -74.0813522338867188 4.6469826698303223
       -74.0813903808593750 4.6468114852905273
       -74.0813827514648438 4.6467204093933105
       -74.0813827514648438 4.6467204093933105
       -74.0813827514648438 4.6467204093933105
       -74.0813827514648438 4.6467204093933105
       -74.0813827514648438 4.6467204093933105
       -74.0813827514648438 4.6467204093933105
       -74.0813369750976562 4.6464157104492188
       -74.0813598632812500 4.6462502479553223
       -74.0813598632812500 4.6462502479553223
       -74.0813598632812500 4.6462502479553223
       -74.0813598632812500 4.6462502479553223
       -74.0813598632812500 4.6462502479553223
       -74.0813598632812500 4.6462502479553223
       -74.0813598632812500 4.6462502479553223
       -74.0813598632812500 4.6462502479553223
       -74.0813598632812500 4.6462502479553223
       -74.0813598632812500 4.6462502479553223
       -74.0813751220703125 4.6456847190856934
       -74.0813827514648438 4.6455688476562500
       -74.0813751220703125 4.6454281806945801
       -74.0813751220703125 4.6454281806945801
       -74.0813980102539062 4.6452698707580566
       -74.0813980102539062 4.6451926231384277
       -74.0813980102539062 4.6451063156127930
       -74.0813980102539062 4.6450405120849609
       -74.0813980102539062 4.6449685096740723
       -74.0813980102539062 4.6449003219604492
       -74.0813827514648438 4.6448421478271484
       -74.0813827514648438 4.6448421478271484
       -74.0813827514648438 4.6448421478271484
       -74.0813674926757812 4.6446957588195801
       -74.0813522338867188 4.6445941925048828
       -74.0813522338867188 4.6445116996765137
       -74.0813522338867188 4.6444363594055176
       -74.0813598632812500 4.6443510055541992
       -74.0813598632812500 4.6442875862121582
       -74.0813751220703125 4.6442127227783203
       -74.0813827514648438 4.6441569328308105
       -74.0813903808593750 4.6441044807434082
       -74.0813903808593750 4.6441044807434082
       -74.0813903808593750 4.6441044807434082
       -74.0813903808593750 4.6441044807434082
       -74.0813903808593750 4.6441044807434082
       -74.0813903808593750 4.6441044807434082
       -74.0813903808593750 4.6441044807434082
       -74.0813903808593750 4.6441044807434082
       -74.0813903808593750 4.6441044807434082
       -74.0813903808593750 4.6441044807434082
       -74.0813903808593750 4.6441044807434082
       -74.0813903808593750 4.6441044807434082
       -74.0813903808593750 4.6441044807434082
       -74.0813903808593750 4.6441044807434082
       -74.0813903808593750 4.6441044807434082
       -74.0813903808593750 4.6441044807434082
       -74.0813903808593750 4.6441044807434082
       -74.0813903808593750 4.6441044807434082
       -74.0813522338867188 4.6437139511108398
       -74.0813064575195312 4.6435260772705078
       -74.0812530517578125 4.6434249877929688
       -74.0812072753906250 4.6433730125427246
       -74.0811614990234375 4.6433396339416504
       -74.0810012817382812 4.6432876586914062
       -74.0808944702148438 4.6432800292968750
       -74.0807952880859375 4.6432824134826660
       -74.0806503295898438 4.6432952880859375
       -74.0806503295898438 4.6432952880859375
       -74.0806503295898438 4.6432952880859375
       -74.0806503295898438 4.6432952880859375
       -74.0802078247070312 4.6432151794433594
       -74.0802078247070312 4.6432151794433594
       -74.0802078247070312 4.6432151794433594
       -74.0802078247070312 4.6432151794433594
       -74.0802078247070312 4.6432151794433594
       -74.0798110961914062 4.6429791450500488
       -74.0796508789062500 4.6429100036621094
       -74.0795059204101562 4.6428966522216797
       -74.0795059204101562 4.6428966522216797
       -74.0795059204101562 4.6428966522216797
       -74.0795059204101562 4.6428966522216797
       -74.0795059204101562 4.6428966522216797
       -74.0795059204101562 4.6428966522216797
       -74.0795059204101562 4.6428966522216797
       -74.0794372558593750 4.6426930427551270
       -74.0794143676757812 4.6425719261169434
       -74.0793991088867188 4.6424922943115234
       -74.0794067382812500 4.6424174308776855
       -74.0794067382812500 4.6423568725585938
       -74.0794067382812500 4.6423006057739258
       -74.0794143676757812 4.6422486305236816
       -74.0794296264648438 4.6421995162963867
       -74.0794677734375000 4.6420602798461914
       -74.0794677734375000 4.6420602798461914
       -74.0794677734375000 4.6420602798461914
       -74.0794677734375000 4.6420602798461914
       -74.0794677734375000 4.6420602798461914
       -74.0794677734375000 4.6420602798461914
       -74.0794677734375000 4.6420602798461914
       -74.0794677734375000 4.6420602798461914
       -74.0794677734375000 4.6420602798461914
       -74.0794525146484375 4.6415753364562988
       -74.0794525146484375 4.6414742469787598
       -74.0794525146484375 4.6414742469787598
       -74.0794372558593750 4.6413502693176270
       -74.0794372558593750 4.6413502693176270
       -74.0794372558593750 4.6413502693176270
       -74.0794372558593750 4.6413502693176270
       -74.0794448852539062 4.6411428451538086
       -74.0794372558593750 4.6410527229309082
       -74.0794372558593750 4.6410527229309082
       -74.0794372558593750 4.6410527229309082
       -74.0794372558593750 4.6410527229309082
       -74.0794525146484375 4.6407332420349121
       -74.0794906616210938 4.6406044960021973
       -74.0795135498046875 4.6404967308044434
       -74.0795135498046875 4.6404967308044434
       -74.0795135498046875 4.6404967308044434
       -74.0795135498046875 4.6404967308044434
       -74.0795135498046875 4.6404967308044434
       -74.0795135498046875 4.6404967308044434
       -74.0795364379882812 4.6403360366821289
       -74.0795440673828125 4.6402335166931152
       -74.0795516967773438 4.6401586532592773
       -74.0795593261718750 4.6401019096374512
       -74.0795669555664062 4.6400494575500488
       -74.0795745849609375 4.6399531364440918
       -74.0796127319335938 4.6398358345031738
       -74.0796127319335938 4.6398358345031738
       -74.0796127319335938 4.6398358345031738
       -74.0796127319335938 4.6398358345031738
       -74.0796127319335938 4.6398358345031738
       -74.0796127319335938 4.6398358345031738
       -74.0796127319335938 4.6398358345031738
       -74.0796127319335938 4.6398358345031738
       -74.0796127319335938 4.6398358345031738
       -74.0796127319335938 4.6398358345031738
       -74.0796127319335938 4.6398358345031738
       -74.0796813964843750 4.6392455101013184
       -74.0796585083007812 4.6391358375549316
       -74.0796585083007812 4.6391358375549316
       -74.0796585083007812 4.6391358375549316
       -74.0796585083007812 4.6391358375549316
       -74.0796585083007812 4.6391358375549316
       -74.0796585083007812 4.6391358375549316
       -74.0796585083007812 4.6391358375549316
       -74.0796585083007812 4.6391358375549316
       -74.0796356201171875 4.6386556625366211
       -74.0796279907226562 4.6384878158569336
       -74.0796279907226562 4.6384878158569336
       -74.0796279907226562 4.6384878158569336
       -74.0796279907226562 4.6384878158569336
       -74.0796279907226562 4.6384878158569336
       -74.0796279907226562 4.6384878158569336
       -74.0796203613281250 4.6383237838745117
       -74.0796203613281250 4.6382207870483398
       -74.0796127319335938 4.6381459236145020
       -74.0796127319335938 4.6380872726440430
       -74.0796203613281250 4.6380324363708496
       -74.0796356201171875 4.6379327774047852
       -74.0796432495117188 4.6378154754638672
       -74.0796432495117188 4.6378154754638672
       -74.0796432495117188 4.6378154754638672
       -74.0796661376953125 4.6376271247863770
       -74.0796813964843750 4.6374816894531250
       -74.0796813964843750 4.6374816894531250
       -74.0796813964843750 4.6374816894531250
       -74.0796813964843750 4.6374816894531250
       -74.0796813964843750 4.6374816894531250
       -74.0796813964843750 4.6374816894531250
       -74.0796813964843750 4.6374816894531250
       -74.0796813964843750 4.6374816894531250
       -74.0796813964843750 4.6374816894531250
       -74.0796813964843750 4.6374816894531250
       -74.0796813964843750 4.6374816894531250
       -74.0796813964843750 4.6374816894531250
       -74.0796813964843750 4.6374816894531250
       -74.0796813964843750 4.6374816894531250
       -74.0796279907226562 4.6367759704589844
       -74.0796356201171875 4.6366481781005859
       -74.0796356201171875 4.6366481781005859
       -74.0796356201171875 4.6366481781005859
       -74.0796356201171875 4.6364917755126953
       -74.0796585083007812 4.6363906860351562
       -74.0796432495117188 4.6362652778625488
       -74.0796432495117188 4.6361684799194336
       -74.0796432495117188 4.6361684799194336
       -74.0796432495117188 4.6361684799194336
       -74.0796432495117188 4.6361684799194336
       -74.0796432495117188 4.6361684799194336
       -74.0796432495117188 4.6361684799194336
       -74.0796432495117188 4.6361684799194336
       -74.0796585083007812 4.6359667778015137
       -74.0796737670898438 4.6358456611633301
       -74.0796813964843750 4.6357622146606445
       -74.0796890258789062 4.6356949806213379
       -74.0796890258789062 4.6356124877929688
       -74.0796890258789062 4.6356124877929688
       -74.0796890258789062 4.6356124877929688
       -74.0796890258789062 4.6356124877929688
       -74.0796890258789062 4.6356124877929688
       -74.0796890258789062 4.6356124877929688
       -74.0796890258789062 4.6356124877929688
       -74.0796890258789062 4.6356124877929688
       -74.0796890258789062 4.6356124877929688
       -74.0796890258789062 4.6356124877929688
       -74.0797805786132812 4.6353173255920410
       -74.0798416137695312 4.6351675987243652
       -74.0798950195312500 4.6350774765014648
       -74.0799407958984375 4.6350207328796387
       -74.0799865722656250 4.6349797248840332
       -74.0801010131835938 4.6349143981933594
       -74.0802688598632812 4.6349039077758789
       -74.0804138183593750 4.6349472999572754
       -74.0805435180664062 4.6349797248840332
       -74.0805435180664062 4.6349797248840332
       -74.0805435180664062 4.6349797248840332
       -74.0806961059570312 4.6349945068359375
       -74.0808410644531250 4.6350440979003906
       -74.0808410644531250 4.6350440979003906
       -74.0808410644531250 4.6350440979003906
       -74.0808410644531250 4.6350440979003906
       -74.0808410644531250 4.6350440979003906
       -74.0808410644531250 4.6350440979003906
       -74.0808410644531250 4.6350440979003906
       -74.0811004638671875 4.6349849700927734
       -74.0812149047851562 4.6348638534545898
       -74.0812149047851562 4.6348638534545898
       -74.0812530517578125 4.6347594261169434
       -74.0812988281250000 4.6346449851989746
       -74.0813293457031250 4.6345257759094238
       -74.0814056396484375 4.6344099044799805
       -74.0814666748046875 4.6342859268188477
       -74.0814666748046875 4.6342859268188477
       -74.0814666748046875 4.6342859268188477
       -74.0814666748046875 4.6342859268188477
       -74.0814666748046875 4.6342859268188477
       -74.0814666748046875 4.6342859268188477
       -74.0815353393554688 4.6341013908386230
       -74.0815811157226562 4.6339888572692871
       -74.0816116333007812 4.6339006423950195
       -74.0816345214843750 4.6338300704956055
       -74.0816802978515625 4.6337547302246094
       -74.0817184448242188 4.6337080001831055
       -74.0817794799804688 4.6336603164672852
       -74.0818252563476562 4.6336154937744141
       -74.0818786621093750 4.6335668563842773
       -74.0818786621093750 4.6335668563842773
       -74.0818786621093750 4.6335668563842773
       -74.0818786621093750 4.6335668563842773
       -74.0818786621093750 4.6335668563842773
       -74.0818786621093750 4.6335668563842773
       -74.0818786621093750 4.6335668563842773
       -74.0820770263671875 4.6334238052368164
       -74.0821838378906250 4.6333456039428711
       -74.0821838378906250 4.6333456039428711
       -74.0822982788085938 4.6332745552062988
       -74.0823593139648438 4.6332354545593262
       -74.0823593139648438 4.6332354545593262
       -74.0823593139648438 4.6332354545593262
       -74.0823593139648438 4.6332354545593262
       -74.0823593139648438 4.6332354545593262
       -74.0823593139648438 4.6332354545593262
       -74.0823593139648438 4.6332354545593262
       -74.0823593139648438 4.6332354545593262
       -74.0823593139648438 4.6332354545593262
       -74.0823593139648438 4.6332354545593262
       -74.0823593139648438 4.6332354545593262
       -74.0823593139648438 4.6332354545593262
       -74.0823593139648438 4.6332354545593262
       -74.0823593139648438 4.6332354545593262
       -74.0823593139648438 4.6332354545593262
       -74.0823593139648438 4.6332354545593262
       -74.0823593139648438 4.6332354545593262
       -74.0823593139648438 4.6332354545593262
       -74.0823593139648438 4.6332354545593262
       -74.0825958251953125 4.6330795288085938
       -74.0827255249023438 4.6329965591430664
       -74.0827941894531250 4.6329512596130371
       -74.0828399658203125 4.6329221725463867
       -74.0828399658203125 4.6329221725463867
       -74.0828399658203125 4.6329221725463867
       -74.0828399658203125 4.6329221725463867
       -74.0829238891601562 4.6328754425048828
       -74.0829772949218750 4.6328501701354980
       -74.0830230712890625 4.6328415870666504
       -74.0830230712890625 4.6328415870666504
       -74.0830230712890625 4.6328415870666504
       -74.0830230712890625 4.6328415870666504
       -74.0831222534179688 4.6328339576721191
       -74.0831832885742188 4.6328277587890625
       -74.0832290649414062 4.6328253746032715
       -74.0832748413085938 4.6328372955322266
       -74.0833206176757812 4.6328544616699219
       -74.0833206176757812 4.6328544616699219
       -74.0833206176757812 4.6328544616699219
       -74.0833206176757812 4.6328544616699219
       -74.0833206176757812 4.6328544616699219
       -74.0833206176757812 4.6328544616699219
       -74.0834121704101562 4.6329007148742676
       -74.0834655761718750 4.6329255104064941
       -74.0835189819335938 4.6329383850097656
       -74.0835647583007812 4.6329507827758789
       -74.0836105346679688 4.6329588890075684
       -74.0836105346679688 4.6329588890075684
       -74.0836105346679688 4.6329588890075684
       -74.0836105346679688 4.6329588890075684
       -74.0836105346679688 4.6329588890075684
       -74.0836868286132812 4.6329407691955566
       -74.0837249755859375 4.6329231262207031
       -74.0837249755859375 4.6329231262207031
       -74.0837631225585938 4.6329021453857422
       -74.0837631225585938 4.6329021453857422
       -74.0837631225585938 4.6329021453857422
       -74.0837631225585938 4.6329021453857422
       -74.0837631225585938 4.6329021453857422
       -74.0837631225585938 4.6329021453857422
       -74.0837631225585938 4.6329021453857422
       -74.0837631225585938 4.6329021453857422
       -74.0838241577148438 4.6327881813049316
       -74.0838546752929688 4.6327180862426758
       -74.0838699340820312 4.6326732635498047
       -74.0838851928710938 4.6326255798339844
       -74.0838851928710938 4.6326255798339844
       -74.0838851928710938 4.6326255798339844
       -74.0838851928710938 4.6326255798339844
       -74.0838851928710938 4.6326255798339844
       -74.0838851928710938 4.6326255798339844
       -74.0838851928710938 4.6326255798339844
       -74.0838851928710938 4.6326255798339844
       -74.0838851928710938 4.6326255798339844
       -74.0838851928710938 4.6326255798339844
       -74.0838851928710938 4.6326255798339844
       -74.0838851928710938 4.6326255798339844
       -74.0838851928710938 4.6326255798339844
       -74.0838851928710938 4.6326255798339844
       -74.0838851928710938 4.6326255798339844
       -74.0838851928710938 4.6326255798339844
       -74.0839614868164062 4.6324663162231445
       -74.0839920043945312 4.6323733329772949
       -74.0839996337890625 4.6323156356811523
       -74.0839996337890625 4.6322636604309082
       -74.0840606689453125 4.6322736740112305
       -74.0841140747070312 4.6322922706604004
       -74.0841140747070312 4.6322922706604004
       -74.0841140747070312 4.6322922706604004
       -74.0841140747070312 4.6322922706604004
       -74.0841140747070312 4.6322922706604004
       -74.0841140747070312 4.6322922706604004
       -74.0841140747070312 4.6322922706604004
       -74.0842361450195312 4.6323623657226562
       -74.0843048095703125 4.6324024200439453
       -74.0843048095703125 4.6324024200439453
       -74.0843048095703125 4.6324024200439453
       -74.0843048095703125 4.6324024200439453
       -74.0842590332031250 4.6323351860046387
       -74.0842285156250000 4.6322960853576660
       -74.0842285156250000 4.6322960853576660
       -74.0842285156250000 4.6322960853576660
       -74.0842285156250000 4.6322960853576660
